,city name,country,date,lon,lat,max temp,humidity,cloudiness,wind speed
1,Hermanus,ZA,1590273225,19.23,-34.42,48.99,95,0,7.18
2,Busselton,AU,1590273225,115.33,-33.65,64.99,25,100,21.18
9,Rikitea,PF,1590273225,-134.97,-23.12,70.7,67,34,20.58
10,Mataura,NZ,1590273226,168.86,-46.19,52.29,75,100,1.34
11,Quatre Cocos,MU,1590273226,57.76,-20.21,68.0,82,75,3.36
13,Souillac,MU,1590273226,57.52,-20.52,68.0,82,75,3.36
14,Guayaramerín,BO,1590273226,-65.36,-10.84,66.51,67,89,6.78
15,Punta Arenas,CL,1590272990,-70.92,-53.15,46.4,93,90,9.17
16,Honiara,SB,1590273226,159.95,-9.43,84.2,79,40,2.24
19,Bredasdorp,ZA,1590273226,20.04,-34.53,55.4,76,0,5.82
20,Ushuaia,AR,1590273226,-68.3,-54.8,41.0,86,90,27.51
21,Hobart,AU,1590273070,147.33,-42.88,48.2,87,75,10.29
26,Atuona,PF,1590273226,-139.03,-9.8,80.64,72,4,15.79
29,Kiama,AU,1590273226,150.87,-34.68,60.01,77,100,8.01
30,Constitución,CL,1590273227,-72.42,-35.33,57.74,51,29,8.63
32,Avarua,CK,1590273227,-159.78,-21.21,82.4,78,72,8.05
33,New Norfolk,AU,1590273227,147.06,-42.78,48.0,87,91,1.01
42,Vaini,TO,1590273227,-175.2,-21.2,77.0,73,20,9.17
45,Saint-Philippe,RE,1590273227,55.77,-21.36,66.2,72,75,6.93
51,Aitape,PG,1590273227,142.35,-3.14,84.42,72,38,1.57
56,Lamu,KE,1590273227,40.9,-2.27,79.27,80,21,16.49
59,Mahébourg,MU,1590273228,57.7,-20.41,68.0,82,75,3.36
62,Kununurra,AU,1590273228,128.73,-15.77,59.0,47,0,6.93
63,Vao,NC,1590273228,167.48,-22.67,74.23,77,26,21.12
66,Lakes Entrance,AU,1590273228,147.98,-37.88,51.01,94,68,6.98
70,Hithadhoo,MV,1590273228,73.08,-0.6,83.98,77,100,12.46
71,San Miguel de Tucumán,AR,1590273215,-65.22,-26.82,55.4,47,0,5.82
73,Saint-Pierre,RE,1590273228,55.48,-21.34,66.2,72,75,6.93
74,Bluff,NZ,1590273228,168.33,-46.6,50.41,90,100,1.86
76,Mossamedes,AO,1590273228,12.15,-15.2,76.55,56,0,4.43
79,Loa Janan,ID,1590273228,117.09,-0.58,75.52,97,99,2.21
82,Majene,ID,1590273228,118.97,-3.54,79.65,76,44,2.68
83,Chui,UY,1590273228,-53.46,-33.7,58.6,83,99,14.9
86,Ambulu,ID,1590273229,113.61,-8.35,77.04,86,2,2.66
89,George,ZA,1590273229,22.46,-33.96,55.4,82,0,3.36
91,Chivay,PE,1590273229,-71.6,-15.64,49.73,46,22,7.9
93,Fayaoué,NC,1590273229,166.53,-20.65,75.88,70,99,10.45
94,Geraldton,AU,1590273041,114.6,-28.77,75.2,17,100,31.09
97,Luganville,VU,1590273229,167.17,-15.53,78.8,78,75,5.01
98,Noumea,NC,1590273229,166.46,-22.28,75.2,64,29,3.36
103,Puerto Ayora,EC,1590273229,-90.35,-0.74,80.6,65,20,16.11
104,Esperance,AU,1590273229,121.9,-33.87,53.6,46,100,19.46
106,Sorong,ID,1590273229,131.25,-0.88,80.8,84,37,7.96
108,Castro,BR,1590273229,-50.01,-24.79,48.85,77,20,10.92
109,Mahanoro,MG,1590273229,48.8,-19.9,71.26,86,60,4.47
113,Concordia,AR,1590273230,-58.02,-31.39,54.0,87,75,9.17
114,Port Elizabeth,ZA,1590273230,25.57,-33.92,51.8,93,0,3.36
115,Port Alfred,ZA,1590273230,26.89,-33.59,57.99,86,0,3.0
116,Touros,BR,1590273230,-35.46,-5.2,77.0,94,75,8.05
117,Carnarvon,AU,1590273230,113.63,-24.87,70.7,48,100,34.72
119,Kruisfontein,ZA,1590273230,24.73,-34.0,52.5,84,0,3.8
121,Cape Town,ZA,1590272989,18.42,-33.93,59.0,93,0,6.93
122,São Félix do Xingu,BR,1590273230,-51.99,-6.64,74.88,92,72,1.88
123,Imbituba,BR,1590273096,-48.67,-28.24,69.8,40,21,17.22
124,Biak,ID,1590273230,122.88,-0.91,79.5,77,58,1.92
127,Mar del Plata,AR,1590273230,-57.56,-38.0,55.0,87,100,6.04
129,Coração de Jesus,BR,1590273230,-44.37,-16.69,78.8,57,48,6.93
132,Caravelas,BR,1590273230,-39.25,-17.71,74.03,88,1,2.82
133,Arraial do Cabo,BR,1590273230,-42.03,-22.97,77.0,83,39,6.93
134,Azul,AR,1590273230,-59.86,-36.78,48.0,71,66,5.35
135,Altamira,BR,1590273231,-52.21,-3.2,80.6,94,20,5.82
143,Kavieng,PG,1590273231,150.8,-2.57,84.33,72,99,3.13
145,Alofi,NU,1590273231,-169.92,-19.06,78.8,94,19,9.17
148,Salinópolis,BR,1590273126,-47.36,-0.61,79.92,82,100,8.95
153,Yulara,AU,1590273231,130.99,-25.24,35.6,59,0,3.36
154,Poso,ID,1590273232,120.75,-1.4,78.76,80,99,2.59
163,Pontes e Lacerda,BR,1590273232,-59.34,-15.23,58.55,58,100,5.84
164,Kaitangata,NZ,1590273232,169.85,-46.28,48.0,83,100,3.0
167,Guiratinga,BR,1590273232,-53.76,-16.35,63.0,83,100,6.82
172,Coquimbo,CL,1590273232,-71.34,-29.95,57.2,76,0,2.8
178,East London,ZA,1590273055,27.91,-33.02,64.18,81,0,4.36
183,Nelson Bay,AU,1590273233,152.15,-32.72,59.0,67,90,14.99
185,Maués,BR,1590273233,-57.72,-3.38,76.8,98,100,2.24
187,Atambua,ID,1590273233,124.89,-9.11,74.37,85,88,5.14
188,Pisco,PE,1590273233,-76.22,-13.7,64.99,82,75,5.82
190,Koumac,NC,1590273233,164.28,-20.57,78.08,64,57,11.36
192,Faanui,PF,1590273233,-151.75,-16.48,80.67,79,7,18.52
198,Rawson,AR,1590273233,-65.1,-43.3,64.02,34,99,18.28
202,Ipixuna,BR,1590273234,-48.8,-1.76,78.8,88,75,3.36
203,Saldanha,ZA,1590273234,17.94,-33.01,51.8,87,0,2.24
208,Mount Gambier,AU,1590273234,140.77,-37.83,48.2,93,90,8.05
209,Caconda,AO,1590273234,15.07,-13.73,55.83,59,0,3.42
211,Mount Isa,AU,1590273234,139.5,-20.73,44.6,100,0,15.48
212,Trenggalek,ID,1590273234,111.72,-8.05,75.47,78,0,1.1
214,Tingi,TZ,1590273234,35.03,-11.3,56.37,87,3,3.69
216,Posse,BR,1590273234,-46.37,-14.09,70.93,82,50,3.67
217,Airai,TL,1590273234,125.41,-8.93,61.86,100,95,3.74
218,Victor Harbor,AU,1590273234,138.62,-35.57,55.99,73,73,3.0
219,Tshikapa,CD,1590273234,20.8,-6.42,75.88,62,59,1.59
221,Tuatapere,NZ,1590273234,167.68,-46.13,50.31,88,100,1.21
223,São João del Rei,BR,1590273234,-44.26,-21.14,68.0,77,20,6.93
228,Labuhan,ID,1590273235,112.21,-6.88,78.44,84,0,6.53
230,Luau,AO,1590273235,22.22,-10.71,61.93,61,0,5.55
233,Pelotas,BR,1590273228,-52.34,-31.77,60.01,99,100,5.99
236,Buala,SB,1590273235,159.59,-8.14,85.33,67,76,2.1
238,Saint-Joseph,RE,1590273235,55.62,-21.37,66.2,72,75,6.93
240,Huarmey,PE,1590273235,-78.15,-10.07,67.66,77,71,7.83
241,Isangel,VU,1590273235,169.27,-19.55,77.0,69,6,2.24
245,Mwense,ZM,1590273235,28.7,-10.38,64.53,65,0,6.62
261,Kupang,ID,1590273236,123.58,-10.17,77.0,83,40,11.41
262,Richards Bay,ZA,1590273236,32.04,-28.78,62.87,79,0,3.36
263,Payo,ID,1590273236,103.64,-3.75,71.76,89,28,1.77
264,San Matías,BO,1590273236,-58.4,-16.37,58.6,64,99,4.68
266,Itarema,BR,1590273236,-39.92,-2.92,77.85,90,96,7.83
267,Maningrida,AU,1590273236,134.27,-12.07,67.95,57,83,15.82
276,Port Hedland,AU,1590273237,118.57,-20.32,60.8,41,29,14.99
278,Menongue,AO,1590273237,17.69,-14.66,54.72,55,0,3.74
280,Maltahöhe,NA,1590273237,16.98,-24.83,57.4,36,0,9.4
281,Tandil,AR,1590273002,-59.13,-37.32,50.0,66,67,1.01
287,Villa Carlos Paz,AR,1590273237,-64.5,-31.42,54.0,56,0,5.82
289,Rio Grande,BR,1590273237,-52.1,-32.03,60.01,99,100,5.99
292,Samarai,PG,1590273237,150.67,-10.62,79.41,88,92,13.11
293,Tual,ID,1590273237,132.75,-5.67,82.35,82,98,24.09
294,Esmeraldas,BR,1590273238,-44.31,-19.76,73.4,73,61,4.7
299,Kieta,PG,1590273238,155.63,-6.22,83.89,70,99,4.0
302,São João da Barra,BR,1590273238,-41.05,-21.64,78.8,74,33,6.93
308,Poum,NC,1590273238,164.02,-20.23,76.89,75,99,15.32
309,Rocha,UY,1590273238,-54.33,-34.48,56.93,71,97,11.59
315,Tocopilla,CL,1590273238,-70.2,-22.09,63.64,68,14,4.76
316,Knysna,ZA,1590273238,23.05,-34.04,55.4,82,0,3.36
320,Prado,BR,1590273239,-39.22,-17.34,74.89,90,0,2.08
331,Sola,VU,1590273239,167.55,-13.88,80.6,88,75,8.75
335,Flinders,AU,1590273239,150.86,-34.58,60.01,72,100,11.01
339,Launceston,AU,1590273066,147.17,-41.45,44.6,81,75,13.87
340,Sampit,ID,1590273240,112.95,-2.53,75.79,95,55,0.13
343,Lebu,CL,1590273240,-73.65,-37.62,53.2,80,64,5.08
344,Bengkulu,ID,1590273240,102.27,-3.8,76.6,82,14,4.47
349,Luanda,AO,1590273240,13.23,-8.84,78.8,88,40,3.36
350,Vanimo,PG,1590273240,141.3,-2.67,84.09,75,17,3.44
354,Camaná,PE,1590273240,-72.71,-16.62,64.27,77,20,3.67
363,Bambous Virieux,MU,1590273241,57.76,-20.34,68.0,82,75,3.36
368,Necochea,AR,1590273241,-58.74,-38.55,46.99,78,100,1.99
371,Cap Malheureux,MU,1590273241,57.61,-19.98,68.0,76,0,4.0
373,Vredendal,ZA,1590273241,18.5,-31.67,54.0,82,0,2.84
374,Broken Hill,AU,1590273241,141.43,-31.95,48.2,93,90,17.22
377,Lüderitz,NA,1590272754,15.16,-26.65,57.2,82,0,2.24
392,Ancud,CL,1590273242,-73.82,-41.87,59.0,100,90,12.75
394,Karratha,AU,1590273242,116.85,-20.74,69.51,54,68,22.1
395,Pandamatenga,BW,1590273242,25.63,-18.53,54.81,56,0,1.88
399,Itupiranga,BR,1590273242,-49.33,-5.13,80.6,94,75,2.06
400,Cidreira,BR,1590273242,-50.21,-30.18,59.74,77,33,15.48
402,El Alto,PE,1590273243,-81.21,-4.27,68.31,80,4,16.98
407,Vaitape,PF,1590273243,-151.75,-16.52,81.7,76,1,18.45
408,Port Moresby,PG,1590273243,147.18,-9.44,77.0,94,75,11.41
417,Katherine,AU,1590273243,132.27,-14.47,59.0,44,78,11.41
418,Mercedes,AR,1590273243,-59.43,-34.65,51.01,40,40,1.01
419,Codrington,AU,1590273243,141.97,-38.27,51.44,74,82,12.46
424,Xai-Xai,MZ,1590273244,33.64,-25.05,64.65,85,0,2.66
425,Daru,PG,1590273244,143.21,-9.08,78.24,84,92,12.66
427,Grand Gaube,MU,1590273244,57.66,-20.01,68.0,76,0,4.0
435,Innisfail,AU,1590273244,146.03,-17.53,51.01,57,24,4.0
437,Tsaratanana,MG,1590273244,47.65,-16.78,66.96,76,0,10.47
440,Santa Cruz de la Sierra,BO,1590273184,-63.17,-17.8,64.4,36,75,13.87
444,Burnie,AU,1590273245,145.92,-41.07,53.01,76,2,3.0
445,Ahipara,NZ,1590273245,173.17,-35.17,63.03,89,100,12.5
450,Alice Springs,AU,1590273116,133.88,-23.7,41.0,68,75,5.82
451,Iaciara,BR,1590273245,-46.63,-14.1,73.51,79,40,2.21
453,Marovoay,MG,1590273245,46.63,-16.1,71.6,88,20,2.24
455,São José da Coroa Grande,BR,1590273245,-35.15,-8.9,78.51,88,9,9.48
458,Amparafaravola,MG,1590273245,48.22,-17.58,60.04,92,48,3.56
461,Port Lincoln,AU,1590273245,135.87,-34.73,56.82,68,98,10.33
469,Bom Jesus da Lapa,BR,1590273246,-43.42,-13.26,78.8,74,43,2.24
470,Antalaha,MG,1590273246,50.28,-14.9,72.12,89,62,9.44
471,Porecatu,BR,1590273246,-51.38,-22.76,55.4,71,84,8.05
485,Valdivia,CL,1590273246,-73.25,-39.81,48.2,100,90,3.36
490,Bahía Blanca,AR,1590273038,-62.27,-38.72,53.96,42,100,16.42
494,Boende,CD,1590273247,20.87,-0.22,72.72,96,89,2.01
499,Belmonte,BR,1590273247,-38.88,-15.86,75.2,88,75,4.7
500,Puerto Nariño,CO,1590273247,-70.38,-3.77,87.8,74,75,2.24
502,Soyo,AO,1590273247,12.37,-6.13,78.49,86,1,6.51
504,Kalabo,ZM,1590273247,22.68,-14.97,56.66,48,0,5.28
505,Copiapó,CL,1590273076,-70.33,-27.37,59.0,77,0,10.29
508,Diamantino,BR,1590273019,-56.45,-14.41,61.27,77,97,10.27
511,Ulladulla,AU,1590273248,150.47,-35.35,57.2,76,90,17.22
513,Pozo Colorado,PY,1590273248,-58.8,-23.49,53.85,67,0,3.69
517,Te Anau,NZ,1590273248,167.72,-45.42,50.65,77,78,2.19
519,Calbuco,CL,1590273248,-73.13,-41.77,50.0,93,90,21.92
524,Saquarema,BR,1590273248,-42.51,-22.92,77.0,83,59,4.7
525,Beloha,MG,1590273248,45.05,-25.17,68.58,81,74,8.41
527,Beberibe,BR,1590273248,-38.13,-4.18,82.4,78,40,6.93
